# Made in Blockbench 4.12.6
mtllib kindling.mtl

o cube
v 0.1875 0.125 0.1875
v 0.1875 0.125 -0.125
v 0.1875 0 0.1875
v 0.1875 0 -0.125
v -0.125 0.125 -0.125
v -0.125 0.125 0.1875
v -0.125 0 -0.125
v -0.125 0 0.1875
vt 0.6875 0.875
vt 0.8125 0.875
vt 0.8125 0.78125
vt 0.6875 0.78125
vt 0.6875 0.78125
vt 0.8125 0.78125
vt 0.8125 0.6875
vt 0.6875 0.6875
vt 0.6875 0.6875
vt 0.8125 0.6875
vt 0.8125 0.59375
vt 0.6875 0.59375
vt 0.6875 0.59375
vt 0.8125 0.59375
vt 0.8125 0.5
vt 0.6875 0.5
vt 0.75 0.3125
vt 0.625 0.3125
vt 0.625 0.4375
vt 0.75 0.4375
vt 0.8125 1
vt 0.6875 1
vt 0.6875 0.875
vt 0.8125 0.875
vn 0 0 -1
vn 1 0 0
vn 0 0 1
vn -1 0 0
vn 0 1 0
vn 0 -1 0
usemtl m_97131f77-4e3a-3c1d-a58b-7fabf1e2f36e
f 4/4/1 7/3/1 5/2/1 2/1/1
f 3/8/2 4/7/2 2/6/2 1/5/2
f 8/12/3 3/11/3 1/10/3 6/9/3
f 7/16/4 8/15/4 6/14/4 5/13/4
f 6/20/5 1/19/5 2/18/5 5/17/5
f 7/24/6 4/23/6 3/22/6 8/21/6
o cube
v 0.125 0.1875 0.125
v 0.125 0.1875 -0.0625
v 0.125 0.125 0.125
v 0.125 0.125 -0.0625
v -0.0625 0.1875 -0.0625
v -0.0625 0.1875 0.125
v -0.0625 0.125 -0.0625
v -0.0625 0.125 0.125
vt 0.1875 1
vt 0.375 1
vt 0.375 0.9375
vt 0.1875 0.9375
vt 0.1875 0.9375
vt 0.375 0.9375
vt 0.375 0.875
vt 0.1875 0.875
vt 0.1875 0.875
vt 0.375 0.875
vt 0.375 0.8125
vt 0.1875 0.8125
vt 0.1875 0.8125
vt 0.375 0.8125
vt 0.375 0.75
vt 0.1875 0.75
vt 0.1875 0.8125
vt 0 0.8125
vt 0 1
vt 0.1875 1
vt 0.1875 0.8125
vt 0 0.8125
vt 0 0.625
vt 0.1875 0.625
vn 0 0 -1
vn 1 0 0
vn 0 0 1
vn -1 0 0
vn 0 1 0
vn 0 -1 0
usemtl m_91a5b9d6-0fa4-6048-0ca5-c88c1596668e
f 12/28/7 15/27/7 13/26/7 10/25/7
f 11/32/8 12/31/8 10/30/8 9/29/8
f 16/36/9 11/35/9 9/34/9 14/33/9
f 15/40/10 16/39/10 14/38/10 13/37/10
f 14/44/11 9/43/11 10/42/11 13/41/11
f 15/48/12 12/47/12 11/46/12 16/45/12
o cube
v 0.046410045705018055 0.47899179247374435 -0.014436736624264479
v -0.07349261197352433 0.4683198352280897 0.01924503901433855
v -0.03539401345634573 0.10303670228802356 -0.4247684512993194
v -0.15529667113488813 0.0923647450423689 -0.3910866756607163
v -0.043195940838636204 0.37595509018572076 0.09783171467505486
v 0.07670671683990621 0.38662704743137544 0.06414993903645183
v -0.125 0 -0.3125
v -0.005097342321457601 0.010671957245654652 -0.3461817756386031
vt 0 1
vt 0.0625 1
vt 0.0625 0.71875
vt 0 0.71875
vt 0.0625 1
vt 0.125 1
vt 0.125 0.71875
vt 0.0625 0.71875
vt 0.125 1
vt 0.1875 1
vt 0.1875 0.71875
vt 0.125 0.71875
vt 0.1875 1
vt 0.25 1
vt 0.25 0.71875
vt 0.1875 0.71875
vt 0.75 0.4375
vt 0.6875 0.4375
vt 0.6875 0.5
vt 0.75 0.5
vt 0.6875 0.3125
vt 0.625 0.3125
vt 0.625 0.25
vt 0.6875 0.25
vn -0.9592212614283393 -0.08537565796523719 0.26945420510882445
vn -0.24237336907910512 0.7389179603389513 -0.6286934052857307
vn 0.9592212614283393 0.08537565796523719 -0.26945420510882445
vn 0.24237336907910512 -0.7389179603389513 0.6286934052857307
vn 0.1454294385090912 0.6683646047746147 0.7294786038667642
vn -0.1454294385090912 -0.6683646047746147 -0.7294786038667642
usemtl m_97131f77-4e3a-3c1d-a58b-7fabf1e2f36e
f 20/52/13 23/51/13 21/50/13 18/49/13
f 19/56/14 20/55/14 18/54/14 17/53/14
f 24/60/15 19/59/15 17/58/15 22/57/15
f 23/64/16 24/63/16 22/62/16 21/61/16
f 22/68/17 17/67/17 18/66/17 21/65/17
f 23/72/18 20/71/18 19/70/18 24/69/18
o cube
v 0.02225739631918228 0.49990523976461443 0.06314168350840121
v 0.04931235916069969 0.41361204530740614 -0.02315150032447494
v 0.0939379925861291 0.11679726852354722 0.46872327146619863
v 0.12099295542764651 0.030504074066338937 0.38243008763332254
v -0.07168059626694682 0.3831079712410672 -0.030581587957797474
v -0.09873555910846424 0.4694011656982755 0.05571159587507868
v 0 0 0.375
v -0.02705496284151741 0.08629319445720827 0.4612931838328761
vt 0.25 1
vt 0.3125 1
vt 0.3125 0.71875
vt 0.25 0.71875
vt 0 0.71875
vt 0.0625 0.71875
vt 0.0625 0.4375
vt 0 0.4375
vt 0.0625 0.71875
vt 0.125 0.71875
vt 0.125 0.4375
vt 0.0625 0.4375
vt 0.125 0.71875
vt 0.1875 0.71875
vt 0.1875 0.4375
vt 0.125 0.4375
vt 0.75 0.25
vt 0.6875 0.25
vt 0.6875 0.3125
vt 0.75 0.3125
vt 0.8125 0.5
vt 0.75 0.5
vt 0.75 0.4375
vt 0.8125 0.4375
vn 0.21643970273213933 -0.6903455556576662 -0.690345470663009
vn 0.9679436434211721 0.24403259253071147 0.0594407010665801
vn -0.21643970273213933 0.6903455556576662 0.690345470663009
vn -0.9679436434211721 -0.24403259253071147 -0.0594407010665801
vn -0.1274321711412388 0.6810808377618974 -0.7210339341471954
vn 0.1274321711412388 -0.6810808377618974 0.7210339341471954
usemtl m_97131f77-4e3a-3c1d-a58b-7fabf1e2f36e
f 28/76/19 31/75/19 29/74/19 26/73/19
f 27/80/20 28/79/20 26/78/20 25/77/20
f 32/84/21 27/83/21 25/82/21 30/81/21
f 31/88/22 32/87/22 30/86/22 29/85/22
f 30/92/23 25/91/23 26/90/23 29/89/23
f 31/96/24 28/95/24 27/94/24 32/93/24
o cube
v 0.04458171614406492 0.5103846671779539 0.061530378074646286
v 0.0532346663056909 0.5145992406820671 -0.06309852637243149
v 0.40029249362857505 0.07475088754721988 0.07149545840579635
v 0.40894544379020104 0.078965461051333 -0.053133446041281424
v -0.04321077748451013 0.4356337796307341 -0.07246508033115007
v -0.051863727646136115 0.43141920612662094 0.05216382411592771
v 0.3125 0 -0.0625
v 0.303847049838374 -0.004214573504113118 0.062128904447077776
vt 0.1875 0.71875
vt 0.25 0.71875
vt 0.25 0.4375
vt 0.1875 0.4375
vt 0.25 0.71875
vt 0.3125 0.71875
vt 0.3125 0.4375
vt 0.25 0.4375
vt 0.3125 1
vt 0.375 1
vt 0.375 0.71875
vt 0.3125 0.71875
vt 0.3125 0.71875
vt 0.375 0.71875
vt 0.375 0.4375
vt 0.3125 0.4375
vt 0.8125 0.375
vt 0.75 0.375
vt 0.75 0.4375
vt 0.8125 0.4375
vt 0.6875 0.25
vt 0.625 0.25
vt 0.625 0.1875
vt 0.6875 0.1875
vn 0.06922360129300797 0.03371658803290494 -0.9970312355766224
vn 0.7715635503216083 0.6317236884106641 0.07493243166974858
vn -0.06922360129300797 -0.03371658803290494 0.9970312355766224
vn -0.7715635503216083 -0.6317236884106641 -0.07493243166974858
vn -0.632374715528018 0.7744600526768607 -0.017715698366489
vn 0.632374715528018 -0.7744600526768607 0.017715698366489
usemtl m_97131f77-4e3a-3c1d-a58b-7fabf1e2f36e
f 36/100/25 39/99/25 37/98/25 34/97/25
f 35/104/26 36/103/26 34/102/26 33/101/26
f 40/108/27 35/107/27 33/106/27 38/105/27
f 39/112/28 40/111/28 38/110/28 37/109/28
f 38/116/29 33/115/29 34/114/29 37/113/29
f 39/120/30 36/119/30 35/118/30 40/117/30
o cube
v 0.0097835711117909 0.47723416180110856 0.10361269800225753
v 0.018436519719064848 0.4814487436538638 -0.021016206270412313
v -0.2763869218138949 -0.005676085755641533 0.06741336398423584
v -0.267733973206621 -0.0014615039028862825 -0.05721554028843402
v -0.08882950707431414 0.5454102475567502 -0.02630066598197829
v -0.09748245568158809 0.5411956657039949 0.09832823829069154
v -0.375 0.0625 -0.0625
v -0.38365294860727395 0.05828541814724475 0.062128904272669844
vt 0.375 1
vt 0.4375 1
vt 0.4375 0.71875
vt 0.375 0.71875
vt 0.375 0.71875
vt 0.4375 0.71875
vt 0.4375 0.4375
vt 0.375 0.4375
vt 0.4375 1
vt 0.5 1
vt 0.5 0.71875
vt 0.4375 0.71875
vt 0.4375 0.71875
vt 0.5 0.71875
vt 0.5 0.4375
vt 0.4375 0.4375
vt 0.8125 0.3125
vt 0.75 0.3125
vt 0.75 0.375
vt 0.8125 0.375
vt 0.75 0.25
vt 0.6875 0.25
vt 0.6875 0.1875
vt 0.75 0.1875
vn 0.06922358885819137 0.033716654822041996 -0.9970312341813589
vn 0.8581282143470321 -0.5116920312230903 0.04227567769252787
vn -0.06922358885819137 -0.033716654822041996 0.9970312341813589
vn -0.8581282143470321 0.5116920312230903 -0.04227567769252787
vn 0.5087475429789972 0.8585071067675558 0.06435437158759416
vn -0.5087475429789972 -0.8585071067675558 -0.06435437158759416
usemtl m_97131f77-4e3a-3c1d-a58b-7fabf1e2f36e
f 44/124/31 47/123/31 45/122/31 42/121/31
f 43/128/32 44/127/32 42/126/32 41/125/32
f 48/132/33 43/131/33 41/130/33 46/129/33
f 47/136/34 48/135/34 46/134/34 45/133/34
f 46/140/35 41/139/35 42/138/35 45/137/35
f 47/144/36 44/143/36 43/142/36 48/141/36
o cube
v 0.06313642664287905 0.47454991506313127 0.05824913957054789
v 0.04675782972872922 0.40411380145901354 -0.043709163001982354
v -0.18516096728967563 0.07880805485630524 0.3715270261925415
v -0.20153956420382546 0.008371941252187536 0.2695687236200113
v -0.0642026060674453 0.458241860206826 -0.06327788662199363
v -0.04782400915329543 0.5286779738109437 0.03868041595053662
v -0.3125 0.0625 0.25
v -0.29612140308585017 0.1329361136041177 0.35195830257253025
vt 0.5 1
vt 0.5625 1
vt 0.5625 0.71875
vt 0.5 0.71875
vt 0.5 0.71875
vt 0.5625 0.71875
vt 0.5625 0.4375
vt 0.5 0.4375
vt 0 0.4375
vt 0.0625 0.4375
vt 0.0625 0.15625
vt 0 0.15625
vt 0.5625 1
vt 0.625 1
vt 0.625 0.71875
vt 0.5625 0.71875
vt 0.8125 0.25
vt 0.75 0.25
vt 0.75 0.3125
vt 0.8125 0.3125
vt 0.8125 0.25
vt 0.75 0.25
vt 0.75 0.1875
vt 0.8125 0.1875
vn -0.13102877531319865 -0.5634889088329417 -0.8156664205802417
vn 0.8876834863693964 -0.4330244699824999 0.1565497889600904
vn 0.13102877531319865 0.5634889088329417 0.8156664205802417
vn -0.8876834863693964 0.4330244699824999 -0.1565497889600904
vn 0.44141758921343066 0.7035410848121352 -0.5569384651057665
vn -0.44141758921343066 -0.7035410848121352 0.5569384651057665
usemtl m_97131f77-4e3a-3c1d-a58b-7fabf1e2f36e
f 52/148/37 55/147/37 53/146/37 50/145/37
f 51/152/38 52/151/38 50/150/38 49/149/38
f 56/156/39 51/155/39 49/154/39 54/153/39
f 55/160/40 56/159/40 54/158/40 53/157/40
f 54/164/41 49/163/41 50/162/41 53/161/41
f 55/168/42 52/167/42 51/166/42 56/165/42
o cube
v 0.12336082197114479 0.5259217700480103 0.07792578918870108
v 0.11839093810008314 0.4505821025735523 -0.021694664329370505
v 0.3674753914692487 0.11594125570918712 0.3758021138961699
v 0.362505507598187 0.04060158823472914 0.2761816603780983
v 0.005885430501896133 0.40998051433882315 0.014623675292531169
v 0.01085531437295778 0.4853201818132811 0.11424412881060275
v 0.25 0 0.3125
v 0.2549698838710616 0.07533966747445797 0.4121204535180716
vt 0.0625 0.4375
vt 0.125 0.4375
vt 0.125 0.15625
vt 0.0625 0.15625
vt 0.125 0.4375
vt 0.1875 0.4375
vt 0.1875 0.15625
vt 0.125 0.15625
vt 0.1875 0.4375
vt 0.25 0.4375
vt 0.25 0.15625
vt 0.1875 0.15625
vt 0.25 0.4375
vt 0.3125 0.4375
vt 0.3125 0.15625
vt 0.25 0.15625
vt 0.875 0.9375
vt 0.8125 0.9375
vt 0.8125 1
vt 0.875 1
vt 0.875 0.9375
vt 0.8125 0.9375
vt 0.8125 0.875
vt 0.875 0.875
vn -0.039759070968493126 -0.6027173397956637 -0.7969636281445728
vn 0.900044060785496 0.3248127058778331 -0.2905467169752132
vn 0.039759070968493126 0.6027173397956637 0.7969636281445728
vn -0.900044060785496 -0.3248127058778331 0.2905467169752132
vn -0.4339814568855179 0.7288542477134635 -0.5295579105910558
vn 0.4339814568855179 -0.7288542477134635 0.5295579105910558
usemtl m_97131f77-4e3a-3c1d-a58b-7fabf1e2f36e
f 60/172/43 63/171/43 61/170/43 58/169/43
f 59/176/44 60/175/44 58/174/44 57/173/44
f 64/180/45 59/179/45 57/178/45 62/177/45
f 63/184/46 64/183/46 62/182/46 61/181/46
f 62/188/47 57/187/47 58/186/47 61/185/47
f 63/192/48 60/191/48 59/190/48 64/189/48
o cube
v 0.05850935300925533 0.49660102424145963 -0.0587777013398324
v -0.047626604678856876 0.4457032835952767 -0.10084405942727748
v 0.35564279847137015 0.13113965696342283 -0.366277221038775
v 0.2495068407832579 0.08024191631723991 -0.4083435791262201
v -0.04713344546211479 0.3654613672780368 -0.005000480301057375
v 0.05900251222599742 0.4163591079242197 0.0370658777863877
v 0.25 0 -0.3125
v 0.35613595768811224 0.050897740646182923 -0.2704336419125549
vt 0.5625 0.71875
vt 0.625 0.71875
vt 0.625 0.4375
vt 0.5625 0.4375
vt 0.3125 0.4375
vt 0.375 0.4375
vt 0.375 0.15625
vt 0.3125 0.15625
vt 0.375 0.4375
vt 0.4375 0.4375
vt 0.4375 0.15625
vt 0.375 0.15625
vt 0.4375 0.4375
vt 0.5 0.4375
vt 0.5 0.15625
vt 0.4375 0.15625
vt 0.875 0.8125
vt 0.8125 0.8125
vt 0.8125 0.875
vt 0.875 0.875
vt 0.875 0.8125
vt 0.8125 0.8125
vt 0.8125 0.75
vt 0.875 0.75
vn -0.8490876615048977 -0.4071819251694635 -0.3365308646995606
vn -0.003945273733936716 0.6419353305379193 -0.7667486330097607
vn 0.8490876615048977 0.4071819251694635 0.3365308646995606
vn 0.003945273733936716 -0.6419353305379193 0.7667486330097607
vn -0.5282372363770929 0.6497090973831765 0.5466658127981202
vn 0.5282372363770929 -0.6497090973831765 -0.5466658127981202
usemtl m_97131f77-4e3a-3c1d-a58b-7fabf1e2f36e
f 68/196/49 71/195/49 69/194/49 66/193/49
f 67/200/50 68/199/50 66/198/50 65/197/50
f 72/204/51 67/203/51 65/202/51 70/201/51
f 71/208/52 72/207/52 70/206/52 69/205/52
f 70/212/53 65/211/53 66/210/53 69/209/53
f 71/216/54 68/215/54 67/214/54 72/213/54
o cube
v 0.014392626398993025 0.4610037179944382 -0.019354132369323818
v -0.03660837613677165 0.42390987541599207 0.08857151140041414
v -0.3433717106001039 0.13133926631038362 -0.30172317895100603
v -0.3943727131358686 0.09424542373193752 -0.19379753518126808
v 0.04526433699909693 0.32966445168405456 0.09486904658168221
v 0.0962653395348616 0.3667582942625007 -0.01305659718805574
v -0.3125 0 -0.1875
v -0.2614989974642353 0.0370938425784461 -0.29542564376973796
vt 0.5 0.4375
vt 0.5625 0.4375
vt 0.5625 0.15625
vt 0.5 0.15625
vt 0.5625 0.4375
vt 0.625 0.4375
vt 0.625 0.15625
vt 0.5625 0.15625
vt 0.625 1
vt 0.6875 1
vt 0.6875 0.71875
vt 0.625 0.71875
vt 0.625 0.71875
vt 0.6875 0.71875
vt 0.6875 0.4375
vt 0.625 0.4375
vt 0.875 0.6875
vt 0.8125 0.6875
vt 0.8125 0.75
vt 0.875 0.75
vt 0.875 0.6875
vt 0.8125 0.6875
vt 0.8125 0.625
vt 0.875 0.625
vn -0.4080080202861176 -0.29675074062756873 0.8634051501579038
vn -0.654981705086949 0.7539633898555004 -0.05038028145014477
vn 0.4080080202861176 0.29675074062756873 -0.8634051501579038
vn 0.654981705086949 -0.7539633898555004 0.05038028145014477
vn 0.6360254879983948 0.5860701363272081 0.5019894161452131
vn -0.6360254879983948 -0.5860701363272081 -0.5019894161452131
usemtl m_97131f77-4e3a-3c1d-a58b-7fabf1e2f36e
f 76/220/55 79/219/55 77/218/55 74/217/55
f 75/224/56 76/223/56 74/222/56 73/221/56
f 80/228/57 75/227/57 73/226/57 78/225/57
f 79/232/58 80/231/58 78/230/58 77/229/58
f 78/236/59 73/235/59 74/234/59 77/233/59
f 79/240/60 76/239/60 75/238/60 80/237/60